xcoord =[28.136519,,44.642131,,34.921629,,31.034296,,36.419871,,47.75339,,17.547226,,51.04223,,52.381297,,48.603323,,23.617035,,30.820994,,56.469151,,64.155852,,9.454737,,43.196988,,41.953967,,62.048784,,41.040148,,40.687668,,24.733568,,37.834816,,56.627763,,16.595418,,42.683366,,43.329045,,24.879793,,37.371988,,48.192002,,19.699196,,78.556912,,94.866579,,61.477313,,68.269081,,76.830515,,71.213079,,67.797364,,84.775554,,72.195754,,76.188414,,49.573288,,91.225878,,96.916408,,83.033405,,74.079877,,103.935389,,85.921113,,99.814886,,59.457974,,64.453959,,63.826069,,89.12892,,105.782603,,79.312178,,89.911392,,89.504755,,90.50114,,95.042642,,86.683062,,67.694722]

ycoord = [39.35865,,58.21427,,42.039109,,38.283153,,65.971441,,32.368487,,61.427741,,54.128275,,58.634855,,31.903506,,53.454882,,74.30499,,42.933859,,49.071143,,63.815709,,64.477585,,69.860938,,54.023277,,53.347365,,42.136996,,47.016831,,33.076629,,59.30595,,60.329872,,48.364455,,67.829819,,57.458169,,46.554562,,69.054392,,49.575103,,70.616885,,70.572275,,64.906872,,48.244643,,60.08393,,51.501263,,72.141596,,57.727075,,74.75954,,48.701758,,79.24878,,84.590906,,62.901599,,82.352978,,50.622003,,64.735322,,55.048755,,42.055751,,63.795269,,62.135542,,74.53268,,52.280483,,63.61485,,75.710945,,55.985041,,50.933208,,73.148402,,56.907865,,63.580406,,72.967664,]